1913,3,2.7333333492279053
1914,3,2.6000000635782876
1915,1,2.9000000953674316
1918,1,2.5
1919,2,2.399999976158142
1920,3,2.5333333810170493
1921,1,2.5
1922,1,2.5999999046325684
1923,1,2.5
1924,1,2.9000000953674316
1925,1,2.9000000953674316
1927,1,2.5999999046325684
1928,1,2.5999999046325684
1929,1,2.5
1930,2,2.8000000715255737
1931,1,2.4000000953674316
1935,3,2.700000047683716
1938,2,2.8000000715255737
1940,1,2.5999999046325684
1941,1,2.4000000953674316
1948,2,2.600000023841858
1949,2,2.600000023841858
1950,2,2.600000023841858
1952,4,2.75
1953,1,2.299999952316284
1954,3,2.8666667143503823
1955,3,2.800000031789144
1956,4,2.700000047683716
1957,5,2.759999990463257
1958,5,2.6599999904632567
1959,4,2.675000011920929
1960,8,2.6750000417232513
1961,6,2.4833333492279053
1962,10,2.55
1963,12,2.491666634877523
1964,5,2.5600000381469727
1965,5,2.4399999618530273
1966,5,2.800000047683716
1967,5,2.540000009536743
1968,10,2.5700000047683718
1969,9,2.477777772479587
1970,12,2.441666692495346
1971,10,2.609999990463257
1972,12,2.625000019868215
1973,12,2.649999996026357
1974,10,2.6200000286102294
1975,6,2.48333332935969
1976,10,2.5799999952316286
1977,11,2.554545445875688
1978,13,2.6461538534898024
1979,8,2.487500011920929
1980,9,2.577777796321445
1981,12,2.591666658719381
1982,7,2.4571428639548167
1983,7,2.399999976158142
1984,9,2.533333341280619
1985,7,2.6142857245036533
1986,11,2.60000001300465
1987,18,2.7166666984558105
1988,16,2.4249999672174454
1989,16,2.5687499940395355
1990,11,2.6636363809758965
1991,11,2.463636376641013
1992,14,2.485714282308306
1993,10,2.6500000238418577
1994,21,2.619047607694353
1995,19,2.652631583966707
1996,21,2.638095265343076
1997,29,2.5896551567932655
1998,20,2.5700000166893004
1999,18,2.616666701104906
2000,47,2.640425555249478
2001,35,2.7000000068119596
2002,37,2.6324324382318034
2003,43,2.5581395459729572
2004,50,2.6120000147819518
2005,51,2.6333333323983585
2006,84,2.6226190527280173
2007,91,2.4989011064990536
2008,80,2.5087499976158143
2009,122,2.556557396396262
2010,153,2.6522876047620585
2011,162,2.6111111221490084
2012,152,2.59539474860618
2013,57,2.696491237272296
